0.08376813 0.13396061 0.22008069
0.08438933362204724 0.13405163377952756 0.22444179543307086
0.08501053724409448 0.13414265755905513 0.22880290086614172
0.08563174086614173 0.13423368133858268 0.2331640062992126
0.08625294448818897 0.13432470511811023 0.23752511173228347
0.08687414811023622 0.1344157288976378 0.24188621716535433
0.08749535173228346 0.13450675267716536 0.2462473225984252
0.0881165553543307 0.1345977764566929 0.2506084280314961
0.08873775897637795 0.13468880023622049 0.2549695334645669
0.0893589625984252 0.13477982401574803 0.2593306388976378
0.08998016622047243 0.1348708477952756 0.26369174433070863
0.09060136984251968 0.13496187157480316 0.2680528497637795
0.09122257346456693 0.1350528953543307 0.2724139551968504
0.09184377708661418 0.1351439191338583 0.27677506062992124
0.09246498070866141 0.13523494291338584 0.28113616606299213
0.09308618433070866 0.13532596669291339 0.28549727149606297
0.0937073879527559 0.13541699047244096 0.28985837692913385
0.09432859157480315 0.1355080142519685 0.29421948236220474
0.09494979519685039 0.13559903803149606 0.2985805877952756
0.09557099881889763 0.13569006181102364 0.30294169322834646
0.09619220244094488 0.1357810855905512 0.3073027986614173
0.09681340606299213 0.13587210937007874 0.3116639040944882
0.09743460968503936 0.1359631331496063 0.3160250095275591
0.09805581330708661 0.13605415692913386 0.3203861149606299
0.09867701692913386 0.13614518070866144 0.3247472203937008
0.0992982205511811 0.136236204488189 0.32910832582677163
0.09991942417322834 0.13632722826771654 0.3334694312598425
0.10054062779527559 0.13641825204724412 0.3378305366929134
0.10116183141732284 0.13650927582677166 0.34219164212598424
0.10178303503937008 0.1366002996062992 0.3465527475590551
0.10240423866141732 0.1366913233858268 0.35091385299212596
0.10302544228346457 0.13678234716535434 0.35527495842519685
0.10364664590551181 0.1368733709448819 0.35963606385826774
0.10426784952755905 0.13696439472440947 0.3639971692913386
0.1048890531496063 0.13705541850393702 0.3683582747244094
0.10551025677165354 0.13714644228346456 0.3727193801574803
0.10613146039370079 0.13723746606299214 0.3770804855905512
0.10675266401574804 0.1373284898425197 0.3814415910236221
0.10737386763779527 0.13741951362204724 0.3858026964566929
0.10799507125984252 0.13751053740157482 0.39016380188976374
0.10861627488188977 0.13760156118110237 0.39452490732283463
0.109237478503937 0.13769258496062994 0.3988860127559055
0.10985868212598425 0.1377836087401575 0.4032471181889764
0.1104798857480315 0.13787463251968504 0.40760822362204724
0.11110108937007875 0.13796565629921262 0.41196932905511807
0.111722292992126 0.13805668007874017 0.41633043448818896
0.11234349661417323 0.13814770385826772 0.42069153992125985
0.11296470023622047 0.1382387276377953 0.42505264535433074
0.11358590385826772 0.13832975141732284 0.42941375078740157
0.11420710748031496 0.1384207751968504 0.4337748562204724
0.1148283111023622 0.13851179897637797 0.4381359616535433
0.11544951472440945 0.13860282275590552 0.4424970670866142
0.11607071834645669 0.13869384653543307 0.44685817251968507
0.11669192196850395 0.13878487031496065 0.4512192779527559
0.11731312559055118 0.1388758940944882 0.45558038338582674
0.11793432921259843 0.13896691787401577 0.4599414888188976
0.11855553283464568 0.13905794165354332 0.4643025942519685
0.11917673645669291 0.13914896543307087 0.4686636996850394
0.11979794007874016 0.13923998921259845 0.4730248051181102
0.1204191437007874 0.139331012992126 0.47738591055118107
0.12104034732283464 0.13942203677165355 0.48174701598425196
0.1216615509448819 0.13951306055118112 0.48610812141732285
0.12228275456692914 0.13960408433070867 0.49046922685039374
0.12290395818897638 0.13969510811023622 0.4948303322834645
0.12352516181102363 0.1397861318897638 0.4991914377165354
0.12414636543307087 0.13987715566929135 0.5035525431496063
0.12476756905511811 0.1399681794488189 0.5079136485826772
0.12538877267716536 0.14005920322834647 0.5122747540157481
0.1260099762992126 0.14015022700787402 0.5166358594488188
0.12663117992125983 0.14024125078740157 0.5209969648818897
0.1272523835433071 0.14033227456692915 0.5253580703149606
0.12787358716535432 0.1404232983464567 0.5297191757480315
0.12849479078740159 0.14051432212598428 0.5340802811811024
0.12911599440944882 0.14060534590551182 0.5384413866141732
0.12973719803149608 0.14069636968503937 0.5428024920472441
0.13035840165354332 0.14078739346456695 0.547163597480315
0.13097960527559055 0.1408784172440945 0.5515247029133858
0.1316008088976378 0.14096944102362205 0.5558858083464567
0.13222201251968504 0.14106046480314963 0.5602469137795275
0.13284321614173228 0.14115148858267718 0.5646080192125984
0.13346441976377954 0.14124251236220473 0.5689691246456693
0.13408562338582677 0.1413335361417323 0.5733302300787402
0.134706827007874 0.14142455992125985 0.5776913355118111
0.13532803062992127 0.1415155837007874 0.5820524409448818
0.1359492342519685 0.14160660748031498 0.5864135463779527
0.13657043787401574 0.14169763125984253 0.5907746518110236
0.137191641496063 0.1417886550393701 0.5951357572440945
0.13781284511811023 0.14187967881889765 0.5994968626771654
0.1384340487401575 0.1419707025984252 0.6038579681102362
0.13905525236220473 0.14206172637795278 0.6082190735433071
0.139676455984252 0.14215275015748033 0.612580178976378
0.14029765960629922 0.14224377393700788 0.6169412844094488
0.14091886322834646 0.14233479771653545 0.6213023898425197
0.14154006685039372 0.142425821496063 0.6256634952755905
0.14216127047244095 0.14251684527559055 0.6300246007086614
0.1427824740944882 0.14260786905511813 0.6343857061417323
0.14340367771653545 0.14269889283464568 0.6387468115748032
0.14402488133858268 0.14278991661417323 0.6431079170078741
0.14464608496062992 0.1428809403937008 0.6474690224409448
0.14526728858267718 0.14297196417322836 0.6518301278740157
0.1458884922047244 0.1430629879527559 0.6561912333070866
0.14650969582677165 0.14315401173228348 0.6605523387401575
0.1471308994488189 0.14324503551181103 0.6649134441732284
0.14775210307086614 0.14333605929133858 0.6692745496062992
0.14837330669291338 0.14342708307086616 0.6736356550393701
0.14899451031496064 0.1435181068503937 0.677996760472441
0.1496157139370079 0.14360913062992128 0.6823578659055118
0.1502369175590551 0.14370015440944883 0.6867189713385827
0.15085812118110237 0.14379117818897638 0.6910800767716535
0.15147932480314963 0.14388220196850396 0.6954411822047244
0.15210052842519686 0.1439732257480315 0.6998022876377953
0.1527217320472441 0.14406424952755906 0.7041633930708662
0.15334293566929136 0.14415527330708663 0.708524498503937
0.1539641392913386 0.14424629708661418 0.7128856039370078
0.15458534291338583 0.14433732086614173 0.7172467093700787
0.1552065465354331 0.1444283446456693 0.7216078148031496
0.15582775015748032 0.14451936842519686 0.7259689202362204
0.15644895377952756 0.14461039220472444 0.7303300256692913
0.15707015740157482 0.14470141598425199 0.7346911311023622
0.15769136102362205 0.14479243976377953 0.7390522365354331
0.15831256464566928 0.1448834635433071 0.743413341968504
0.15893376826771655 0.14497448732283466 0.7477744474015747
0.1595549718897638 0.1450655111023622 0.7521355528346456
0.16017617551181101 0.1451565348818898 0.7564966582677165
0.16079737913385828 0.14524755866141734 0.7608577637007874
0.16141858275590554 0.14533858244094489 0.7652188691338583
0.16203978637795277 0.14542960622047246 0.7695799745669291
0.16266099 0.14552063 0.77394108
0.16433387653543308 0.14956127307086614 0.775449222519685
0.16600676307086615 0.1536019161417323 0.7769573650393701
0.16767964960629922 0.15764255921259843 0.7784655075590551
0.1693525361417323 0.16168320228346458 0.7799736500787401
0.17102542267716536 0.1657238453543307 0.7814817925984251
0.17269830921259843 0.16976448842519687 0.7829899351181102
0.1743711957480315 0.173805131496063 0.7844980776377952
0.17604408228346458 0.17784577456692915 0.7860062201574802
0.17771696881889765 0.18188641763779528 0.7875143626771653
0.17938985535433072 0.18592706070866144 0.7890225051968504
0.1810627418897638 0.18996770377952757 0.7905306477165354
0.18273562842519686 0.1940083468503937 0.7920387902362205
0.18440851496062993 0.19804898992125985 0.7935469327559055
0.186081401496063 0.202089632992126 0.7950550752755905
0.18775428803149607 0.20613027606299214 0.7965632177952755
0.18942717456692915 0.21017091913385827 0.7980713603149606
0.19110006110236222 0.21421156220472443 0.7995795028346456
0.1927729476377953 0.21825220527559058 0.8010876453543306
0.19444583417322836 0.2222928483464567 0.8025957878740158
0.19611872070866143 0.22633349141732284 0.8041039303937008
0.1977916072440945 0.230374134488189 0.8056120729133858
0.19946449377952757 0.23441477755905515 0.8071202154330708
0.20113738031496065 0.23845542062992128 0.8086283579527559
0.20281026685039372 0.2424960637007874 0.8101365004724409
0.2044831533858268 0.24653670677165357 0.8116446429921259
0.20615603992125986 0.25057734984251967 0.813152785511811
0.20782892645669293 0.2546179929133858 0.814660928031496
0.209501812992126 0.258658635984252 0.816169070551181
0.21117469952755907 0.26269927905511814 0.817677213070866
0.21284758606299214 0.2667399221259843 0.8191853555905512
0.21452047259842522 0.27078056519685045 0.8206934981102362
0.2161933591338583 0.27482120826771655 0.8222016406299212
0.21786624566929136 0.27886185133858266 0.8237097831496063
0.21953913220472443 0.2829024944094488 0.8252179256692913
0.2212120187401575 0.28694313748031497 0.8267260681889763
0.22288490527559057 0.2909837805511811 0.8282342107086613
0.22455779181102364 0.2950244236220473 0.8297423532283464
0.22623067834645672 0.29906506669291344 0.8312504957480314
0.2279035648818898 0.30310570976377954 0.8327586382677165
0.22957645141732286 0.3071463528346457 0.8342667807874016
0.23124933795275593 0.3111869959055118 0.8357749233070866
0.232922224488189 0.31522763897637796 0.8372830658267716
0.23459511102362207 0.3192682820472441 0.8387912083464566
0.23626799755905514 0.32330892511811027 0.8402993508661417
0.23794088409448821 0.3273495681889764 0.8418074933858267
0.23961377062992129 0.3313902112598426 0.8433156359055117
0.24128665716535436 0.3354308543307087 0.8448237784251968
0.2429595437007874 0.3394714974015748 0.8463319209448819
0.24463243023622047 0.34351214047244094 0.8478400634645669
0.24630531677165354 0.3475527835433071 0.8493482059842519
0.24797820330708661 0.35159342661417325 0.850856348503937
0.24965108984251969 0.3556340696850394 0.852364491023622
0.2513239763779528 0.35967471275590557 0.853872633543307
0.25299686291338586 0.36371535582677167 0.8553807760629921
0.2546697494488189 0.3677559988976378 0.8568889185826771
0.256342635984252 0.3717966419685039 0.8583970611023621
0.25801552251968507 0.3758372850393701 0.8599052036220473
0.25968840905511814 0.37987792811023624 0.8614133461417323
0.2613612955905512 0.3839185711811024 0.8629214886614173
0.2630341821259843 0.38795921425196855 0.8644296311811024
0.26470706866141736 0.3919998573228347 0.8659377737007874
0.2663799551968504 0.39604050039370087 0.8674459162204724
0.2680528417322835 0.4000811434645669 0.8689540587401574
0.26972572826771657 0.40412178653543307 0.8704622012598425
0.27139861480314964 0.4081624296062992 0.8719703437795275
0.2730715013385827 0.4122030726771654 0.8734784862992125
0.2747443878740158 0.41624371574803154 0.8749866288188977
0.27641727440944885 0.4202843588188977 0.8764947713385827
0.2780901609448819 0.42432500188976385 0.8780029138582677
0.279763047480315 0.4283656449606299 0.8795110563779527
0.28143593401574807 0.43240628803149606 0.8810191988976378
0.28310882055118114 0.4364469311023622 0.8825273414173228
0.2847817070866142 0.44048757417322837 0.8840354839370078
0.2864545936220473 0.4445282172440945 0.8855436264566929
0.28812748015748035 0.4485688603149607 0.8870517689763779
0.2898003666929134 0.45260950338582684 0.888559911496063
0.2914732532283465 0.456650146456693 0.890068054015748
0.29314613976377957 0.46069078952755904 0.8915761965354331
0.29481902629921264 0.4647314325984252 0.8930843390551181
0.2964919128346457 0.46877207566929135 0.8945924815748031
0.2981647993700788 0.4728127187401575 0.8961006240944882
0.29983768590551185 0.47685336181102367 0.8976087666141732
0.3015105724409449 0.4808940048818898 0.8991169091338582
0.303183458976378 0.484934647952756 0.9006250516535432
0.30485634551181107 0.488975291023622 0.9021331941732283
0.30652923204724414 0.4930159340944882 0.9036413366929134
0.3082021185826772 0.49705657716535434 0.9051494792125984
0.3098750051181103 0.5010972202362205 0.9066576217322835
0.31154789165354335 0.5051378633070867 0.9081657642519685
0.3132207781889764 0.5091785063779528 0.9096739067716535
0.3148936647244095 0.513219149448819 0.9111820492913385
0.31656655125984257 0.5172597925196851 0.9126901918110236
0.31823943779527564 0.5213004355905512 0.9141983343307086
0.3199123243307087 0.5253410786614173 0.9157064768503936
0.3215852108661418 0.5293817217322835 0.9172146193700788
0.3232580974015748 0.5334223648031496 0.9187227618897638
0.32493098393700787 0.5374630078740158 0.9202309044094488
0.32660387047244094 0.541503650944882 0.9217390469291338
0.328276757007874 0.5455442940157481 0.9232471894488189
0.3299496435433071 0.5495849370866142 0.9247553319685039
0.33162253007874015 0.5536255801574803 0.926263474488189
0.3332954166141732 0.5576662232283465 0.927771617007874
0.3349683031496063 0.5617068662992126 0.929279759527559
0.33664118968503937 0.5657475093700788 0.930787902047244
0.33831407622047244 0.5697881524409449 0.932296044566929
0.3399869627559055 0.5738287955118111 0.9338041870866142
0.3416598492913386 0.5778694385826773 0.9353123296062992
0.34333273582677165 0.5819100816535433 0.9368204721259843
0.3450056223622047 0.5859507247244095 0.9383286146456693
0.3466785088976378 0.5899913677952756 0.9398367571653543
0.34835139543307087 0.5940320108661418 0.9413448996850393
0.35002428196850394 0.5980726539370079 0.9428530422047243
0.351697168503937 0.6021132970078741 0.9443611847244094
0.3533700550393701 0.6061539400787402 0.9458693272440944
0.35504294157480315 0.6101945831496063 0.9473774697637796
0.3567158281102362 0.6142352262204724 0.9488856122834646
0.3583887146456693 0.6182758692913386 0.9503937548031496
0.36006160118110236 0.6223165123622048 0.9519018973228346
0.36173448771653544 0.6263571554330709 0.9534100398425197
0.3634073742519685 0.6303977985039371 0.9549181823622047
0.3650802607874016 0.6344384415748032 0.9564263248818897
0.36675314732283465 0.6384790846456694 0.9579344674015748
0.3684260338582677 0.6425197277165354 0.9594426099212598
0.3700989203937008 0.6465603707874017 0.9609507524409449
0.37177180692913386 0.6506010138582677 0.9624588949606299
0.37344469346456693 0.6546416569291339 0.963967037480315
0.37511758 0.6586823 0.96547518
0.37459572125984253 0.6613453168503938 0.958527804488189
0.37407386251968505 0.6640083337007875 0.951580428976378
0.3735520037795276 0.6666713505511812 0.9446330534645669
0.3730301450393701 0.6693343674015748 0.9376856779527559
0.3725082862992126 0.6719973842519685 0.9307383024409449
0.37198642755905514 0.6746604011023623 0.9237909269291339
0.37146456881889767 0.677323417952756 0.9168435514173228
0.37094271007874013 0.6799864348031497 0.9098961759055118
0.37042085133858266 0.6826494516535434 0.9029488003937007
0.3698989925984252 0.685312468503937 0.8960014248818897
0.3693771338582677 0.6879754853543307 0.8890540493700787
0.3688552751181102 0.6906385022047244 0.8821066738582677
0.36833341637795275 0.6933015190551182 0.8751592983464567
0.36781155763779527 0.6959645359055119 0.8682119228346457
0.3672896988976378 0.6986275527559056 0.8612645473228346
0.3667678401574803 0.7012905696062992 0.8543171718110236
0.36624598141732284 0.7039535864566929 0.8473697962992126
0.36572412267716536 0.7066166033070866 0.8404224207874016
0.3652022639370079 0.7092796201574804 0.8334750452755906
0.3646804051968504 0.7119426370078741 0.8265276697637796
0.36415854645669293 0.7146056538582678 0.8195802942519685
0.36363668771653546 0.7172686707086615 0.8126329187401575
0.363114828976378 0.7199316875590551 0.8056855432283465
0.3625929702362205 0.7225947044094488 0.7987381677165354
0.36207111149606297 0.7252577212598426 0.7917907922047244
0.3615492527559055 0.7279207381102363 0.7848434166929134
0.361027394015748 0.73058375496063 0.7778960411811023
0.36050553527559054 0.7332467718110237 0.7709486656692913
0.35998367653543306 0.7359097886614174 0.7640012901574803
0.3594618177952756 0.738572805511811 0.7570539146456693
0.3589399590551181 0.7412358223622048 0.7501065391338583
0.35841810031496063 0.7438988392125985 0.7431591636220473
0.35789624157480315 0.7465618560629922 0.7362117881102362
0.3573743828346457 0.7492248729133859 0.7292644125984251
0.3568525240944882 0.7518878897637795 0.7223170370866141
0.3563306653543307 0.7545509066141732 0.7153696615748031
0.35580880661417325 0.757213923464567 0.7084222860629921
0.35528694787401577 0.7598769403149607 0.701474910551181
0.3547650891338583 0.7625399571653544 0.69452753503937
0.35424323039370076 0.7652029740157481 0.687580159527559
0.3537213716535433 0.7678659908661418 0.680632784015748
0.3531995129133858 0.7705290077165354 0.673685408503937
0.3526776541732283 0.7731920245669291 0.666738032992126
0.35215579543307085 0.7758550414173229 0.659790657480315
0.3516339366929134 0.7785180582677166 0.6528432819685039
0.3511120779527559 0.7811810751181103 0.6458959064566929
0.3505902192125984 0.783844091968504 0.6389485309448819
0.35006836047244094 0.7865071088188977 0.6320011554330709
0.34954650173228347 0.7891701256692913 0.6250537799212599
0.349024642992126 0.7918331425196851 0.6181064044094489
0.3485027842519685 0.7944961593700788 0.6111590288976378
0.34798092551181103 0.7971591762204725 0.6042116533858268
0.34745906677165356 0.7998221930708662 0.5972642778740158
0.3469372080314961 0.8024852099212598 0.5903169023622047
0.3464153492913386 0.8051482267716537 0.5833695268503937
0.3458934905511811 0.8078112436220473 0.5764221513385827
0.3453716318110236 0.810474260472441 0.5694747758267716
0.3448497730708661 0.8131372773228347 0.5625274003149606
0.34432791433070864 0.8158002941732284 0.5555800248031496
0.34380605559055116 0.8184633110236221 0.5486326492913386
0.3432841968503937 0.8211263278740157 0.5416852737795275
0.3427623381102362 0.8237893447244095 0.5347378982677164
0.34224047937007873 0.8264523615748032 0.5277905227559054
0.34171862062992125 0.8291153784251969 0.5208431472440944
0.3411967618897638 0.8317783952755906 0.5138957717322834
0.3406749031496063 0.8344414121259843 0.5069483962204724
0.3401530444094488 0.837104428976378 0.5000010207086614
0.33963118566929135 0.8397674458267717 0.49305364519685035
0.33910932692913387 0.8424304626771654 0.48610626968503934
0.3385874681889764 0.8450934795275591 0.4791588941732283
0.3380656094488189 0.8477564963779528 0.4722115186614173
0.3375437507086614 0.8504195132283465 0.4652641431496063
0.33702189196850396 0.8530825300787401 0.4583167676377953
0.33650003322834643 0.855745546929134 0.45136939212598426
0.33597817448818895 0.8584085637795276 0.44442201661417324
0.3354563157480315 0.8610715806299213 0.4374746411023622
0.334934457007874 0.863734597480315 0.4305272655905512
0.3344125982677165 0.8663976143307087 0.4235798900787402
0.33389073952755904 0.8690606311811024 0.41663251456692907
0.33336888078740157 0.871723648031496 0.40968513905511805
0.3328470220472441 0.8743866648818898 0.40273776354330704
0.3323251633070866 0.8770496817322835 0.395790388031496
0.33180330456692914 0.8797126985826772 0.388843012519685
0.33128144582677166 0.8823757154330709 0.381895637007874
0.3307595870866142 0.8850387322834646 0.374948261496063
0.3302377283464567 0.8877017491338584 0.36800088598425196
0.3297158696062992 0.890364765984252 0.36105351047244094
0.32919401086614175 0.8930277828346457 0.3541061349606299
0.3286721521259842 0.8956907996850394 0.3471587594488189
0.32815029338582674 0.8983538165354331 0.3402113839370079
0.32762843464566926 0.9010168333858268 0.3332640084251969
0.3271065759055118 0.9036798502362204 0.32631663291338586
0.3265847171653543 0.9063428670866143 0.31936925740157474
0.32606285842519683 0.9090058839370079 0.3124218818897637
0.32554099968503936 0.9116689007874016 0.3054745063779527
0.3250191409448819 0.9143319176377953 0.2985271308661417
0.3244972822047244 0.916994934488189 0.29157975535433067
0.3239754234645669 0.9196579513385827 0.28463237984251966
0.32345356472440945 0.9223209681889764 0.27768500433070864
0.32293170598425197 0.9249839850393702 0.2707376288188976
0.3224098472440945 0.9276470018897638 0.2637902533070866
0.321887988503937 0.9303100187401575 0.2568428777952756
0.32136612976377954 0.9329730355905512 0.24989550228346458
0.320844271023622 0.9356360524409449 0.24294812677165356
0.3203224122834646 0.9382990692913387 0.23600075125984254
0.31980055354330705 0.9409620861417323 0.22905337574803153
0.3192786948031496 0.9436251029921261 0.2221060002362204
0.3187568360629921 0.9462881198425197 0.2151586247244094
0.3182349773228346 0.9489511366929134 0.20821124921259837
0.31771311858267715 0.9516141535433071 0.20126387370078735
0.31719125984251967 0.9542771703937007 0.19431649818897634
0.3166694011023622 0.9569401872440946 0.18736912267716532
0.3161475423622047 0.9596032040944882 0.1804217471653543
0.31562568362204724 0.9622662209448819 0.1734743716535433
0.31510382488188976 0.9649292377952756 0.16652699614173228
0.3145819661417323 0.9675922546456693 0.15957962062992126
0.3140601074015748 0.970255271496063 0.15263224511811024
0.31353824866141733 0.9729182883464567 0.14568486960629923
0.3130163899212598 0.9755813051968505 0.1387374940944882
0.3124945311811024 0.9782443220472441 0.1317901185826772
0.31197267244094484 0.9809073388976378 0.12484274307086607
0.3114508137007874 0.9835703557480315 0.11789536755905505
0.3109289549606299 0.9862333725984253 0.11094799204724404
0.3104070962204724 0.988896389448819 0.10400061653543302
0.30988523748031493 0.9915594062992126 0.097053241023622
0.30936337874015746 0.9942224231496064 0.09010586551181099
0.30884152 0.99688544 0.08315849
